    0.0000   142.4041   142.4041   142.4041
    0.1600   138.5523   139.0104   138.0957
    0.3200   134.8047   135.6976   133.9177
    0.4800   131.1585   132.4637   129.8661
    0.6400   127.6109   129.3069   125.9371
    0.8000   124.1593   126.2254   122.1270
    0.9600   120.8010   123.2173   118.4321
    1.1200   117.5335   120.2808   114.8490
    1.2800   114.3545   117.4144   111.3743
    1.4400   111.2614   114.6162   108.0048
    1.6000   108.2520   111.8848   104.7371
    1.7600   105.3240   109.2184   101.5684
    1.9200   102.4751   106.6156    98.4955
    2.0800    99.7034   104.0748    95.5156
    2.2400    97.0066   101.5945    92.6258
    2.4000    94.3827    99.1734    89.8235
    2.5600    91.8298    96.8099    87.1059
    2.7200    89.3460    94.5028    84.4706
    2.8800    86.9294    92.2507    81.9150
    3.0400    84.5781    90.0522    79.4367
    3.2000    82.2904    87.9062    77.0334
    3.3600    80.0646    85.8112    74.7028
    3.5200    77.8990    83.7662    72.4427
    3.6800    75.7920    81.7700    70.2510
    3.8400    73.7419    79.8213    68.1256
    4.0000    71.7474    77.9190    66.0645
    4.1600    69.8067    76.0621    64.0658
    4.3200    67.9186    74.2495    62.1275
    4.4800    66.0815    72.4800    60.2479
    4.6400    64.2941    70.7527    58.4251
    4.8000    62.5551    69.0666    56.6575
    4.9600    60.8631    67.4206    54.9433
    5.1200    59.2168    65.8139    53.2811
    5.2800    57.6151    64.2455    51.6691
    5.4400    56.0567    62.7144    50.1059
    5.6000    54.5405    61.2198    48.5899
    5.7600    53.0653    59.7609    47.1199
    5.9200    51.6300    58.3367    45.6943
    6.0800    50.2335    56.9464    44.3119
    6.2400    48.8748    55.5893    42.9712
    6.4000    47.5528    54.2646    41.6712
    6.5600    46.2666    52.9714    40.4104
    6.7200    45.0151    51.7090    39.1878
    6.8800    43.7976    50.4767    38.0022
    7.0400    42.6129    49.2738    36.8525
    7.2000    41.4603    48.0995    35.7375
    7.3600    40.3389    46.9532    34.6563
    7.5200    39.2478    45.8343    33.6078
    7.6800    38.1862    44.7420    32.5910
    7.8400    37.1533    43.6757    31.6050
    8.0000    36.1484    42.6349    30.6488
    8.1600    35.1707    41.6188    29.7216
    8.3200    34.2194    40.6270    28.8224
    8.4800    33.2938    39.6588    27.9504
    8.6400    32.3933    38.7137    27.1047
    8.8000    31.5171    37.7911    26.2847
    8.9600    30.6646    36.8904    25.4895
    9.1200    29.8352    36.0113    24.7183
    9.2800    29.0282    35.1531    23.9705
    9.4400    28.2430    34.3153    23.2453
    9.6000    27.4791    33.4976    22.5420
    9.7600    26.7359    32.6993    21.8600
    9.9200    26.0127    31.9200    21.1986
   10.0800    25.3091    31.1593    20.5573
   10.2400    24.6245    30.4167    19.9353
   10.4000    23.9585    29.6919    19.3322
   10.5600    23.3105    28.9843    18.7473
   10.7200    22.6799    28.2935    18.1801
   10.8800    22.0665    27.6193    17.6301
   11.0400    21.4696    26.9611    17.0967
   11.2000    20.8889    26.3185    16.5795
   11.3600    20.3239    25.6913    16.0779
   11.5200    19.7742    25.0791    15.5914
   11.6800    19.2393    24.4814    15.1197
   11.8400    18.7189    23.8980    14.6623
   12.0000    18.2126    23.3285    14.2187
   12.1600    17.7200    22.7725    13.7885
   12.3200    17.2407    22.2298    13.3713
   12.4800    16.7744    21.7000    12.9668
   12.6400    16.3207    21.1829    12.5745
   12.8000    15.8792    20.6781    12.1941
   12.9600    15.4497    20.1853    11.8251
   13.1200    15.0318    19.7042    11.4674
   13.2800    14.6253    19.2347    11.1204
   13.4400    14.2297    18.7763    10.7840
   13.6000    13.8448    18.3288    10.4577
   13.7600    13.4703    17.8920    10.1413
   13.9200    13.1060    17.4656     9.8345
   14.0800    12.7515    17.0494     9.5370
   14.2400    12.4066    16.6431     9.2485
   14.4000    12.0710    16.2465     8.9686
   14.5600    11.7445    15.8593     8.6973
   14.7200    11.4268    15.4813     8.4342
   14.8800    11.1177    15.1124     8.1790
   15.0400    10.8170    14.7522     7.9316
   15.2000    10.5245    14.4007     7.6916
   15.3600    10.2398    14.0575     7.4589
   15.5200     9.9628    13.7225     7.2332
   15.6800     9.6933    13.3955     7.0144
   15.8400     9.4312    13.0762     6.8022
