         1          1          1          1 
      1.25   0.906402   0.906402   0.906402 
       1.5   0.886227   0.886227   0.886227 
      1.75   0.919063   0.919063   0.919063 
         2          1          1          1 
      2.25      1.133      1.133      1.133 
       2.5    1.32934    1.32934    1.32934 
      2.75    1.60836    1.60836    1.60836 
         3          2          2          2 
      3.25    2.54926    2.54926    2.54926 
       3.5    3.32335    3.32335    3.32335 
      3.75    4.42299    4.42299    4.42299 
         4          6          6          6 
      4.25    8.28509    8.28509    8.28509 
       4.5    11.6317    11.6317    11.6317 
      4.75    16.5862    16.5862    16.5862 
         5         24         24         24 
      5.25    35.2116    35.2116    35.2116 
       5.5    52.3428    52.3428    52.3428 
      5.75    78.7845    78.7845    78.7845 
         6        120        120        120 
