  -3.50000   -1.00000
  -3.43000   -1.00000
  -3.36000   -1.00000
  -3.29000   -1.00000
  -3.22000   -1.00000
  -3.15000   -1.00000
  -3.08000   -1.00000
  -3.01000   -1.00000
  -2.94000   -1.00000
  -2.87000   -1.00000
  -2.80000   -1.00000
  -2.73000   -1.00000
  -2.66000   -1.00000
  -2.59000   -1.00000
  -2.52000   -1.00000
  -2.45000   -1.00000
  -2.38000   -1.00000
  -2.31000   -1.00000
  -2.24000   -1.00000
  -2.17000   -1.00000
  -2.10000   -1.00000
  -2.03000   -1.00000
  -1.96000   -1.00000
  -1.89000   -1.00000
  -1.82000   -1.00000
  -1.75000   -1.00000
  -1.68000   -1.00000
  -1.61000   -1.00000
  -1.54000   -1.00000
  -1.47000   -1.00000
  -1.40000   -1.00000
  -1.33000   -1.00000
  -1.26000   -1.00000
  -1.19000   -1.00000
  -1.12000   -1.00000
  -1.05000   -1.00000
  -0.98000   -1.00000
  -0.91000   -1.00000
  -0.84000   -1.00000
  -0.77000   -1.00000
  -0.70000   -1.00000
  -0.63000   -0.98550
  -0.56000   -0.94400
  -0.49000   -0.87850
  -0.42000   -0.79200
  -0.35000   -0.68750
  -0.28000   -0.56800
  -0.21000   -0.43650
  -0.14000   -0.29600
  -0.07000   -0.14950
  -0.00000   -0.00000
   0.07000    0.14950
   0.14000    0.29600
   0.21000    0.43650
   0.28000    0.56800
   0.35000    0.68750
   0.42000    0.79200
   0.49000    0.87850
   0.56000    0.94400
   0.63000    0.98550
   0.70000    1.00000
   0.77000    1.00000
   0.84000    1.00000
   0.91000    1.00000
   0.98000    1.00000
   1.05000    1.00000
   1.12000    1.00000
   1.19000    1.00000
   1.26000    1.00000
   1.33000    1.00000
   1.40000    1.00000
   1.47000    1.00000
   1.54000    1.00000
   1.61000    1.00000
   1.68000    1.00000
   1.75000    1.00000
   1.82000    1.00000
   1.89000    1.00000
   1.96000    1.00000
   2.03000    1.00000
   2.10000    1.00000
   2.17000    1.00000
   2.24000    1.00000
   2.31000    1.00000
   2.38000    1.00000
   2.45000    1.00000
   2.52000    1.00000
   2.59000    1.00000
   2.66000    1.00000
   2.73000    1.00000
   2.80000    1.00000
   2.87000    1.00000
   2.94000    1.00000
   3.01000    1.00000
   3.08000    1.00000
   3.15000    1.00000
   3.22000    1.00000
   3.29000    1.00000
   3.36000    1.00000
   3.43000    1.00000
