   0.00000    2.00000
   0.18000    2.09184
   0.36000    2.18664
   0.54000    2.28330
   0.72000    2.38074
   0.90000    2.47784
   1.08000    2.57353
   1.26000    2.66671
   1.44000    2.75629
   1.62000    2.84116
   1.80000    2.92025
   1.98000    2.99245
   2.16000    3.05693
   2.34000    3.11428
   2.52000    3.16559
   2.70000    3.21197
   2.88000    3.25450
   3.06000    3.29427
   3.24000    3.33238
   3.42000    3.36993
   3.60000    3.40800
   3.78000    3.44769
   3.96000    3.49010
   4.14000    3.53500
   4.32000    3.58000
   4.50000    3.62500
   4.68000    3.67000
   4.86000    3.71500
   5.04000    3.76000
   5.22000    3.80500
   5.40000    3.85000
   5.58000    3.89500
   5.76000    3.94000
   5.94000    3.98500
   6.12000    4.08621
   6.30000    4.40455
   6.48000    4.90787
   6.66000    5.54910
   6.84000    6.28117
   7.02000    7.05701
   7.20000    7.82957
   7.38000    8.55176
   7.56000    9.17652
   7.74000    9.65679
   7.92000    9.94549
   8.10000    9.99535
   8.28000    9.79751
   8.46000    9.39886
   8.64000    8.84958
   8.82000    8.19989
   9.00000    7.50000
   9.18000    6.80011
   9.36000    6.15042
   9.54000    5.60114
   9.72000    5.20249
   9.90000    5.00465
  10.08000    5.03069
  10.26000    5.10727
  10.44000    5.19263
  10.62000    5.28476
  10.80000    5.38163
  10.98000    5.48124
  11.16000    5.58157
  11.34000    5.68059
  11.52000    5.77630
  11.70000    5.86669
  11.88000    5.94972
  12.06000    6.02373
  12.24000    6.09168
  12.42000    6.15477
  12.60000    6.21300
  12.78000    6.26637
  12.96000    6.31488
  13.14000    6.35853
  13.32000    6.39732
  13.50000    6.43125
  13.68000    6.46032
  13.86000    6.48453
  14.04000    6.49427
  14.22000    6.24496
  14.40000    5.68160
  14.58000    4.87394
  14.76000    3.89175
  14.94000    2.80479
  15.12000    1.68284
  15.30000    0.59564
  15.48000   -0.38702
  15.66000   -1.19538
  15.84000   -1.75969
  16.02000   -2.01106
  16.20000   -1.98725
  16.38000   -1.76378
  16.56000   -1.37235
  16.74000   -0.84468
  16.92000   -0.21249
  17.10000    0.49253
  17.28000    1.23866
  17.46000    1.99418
  17.64000    2.72738
  17.82000    3.40656
