   0.00000    2.00000
   0.18000    2.08681
   0.36000    2.17377
   0.54000    2.26105
   0.72000    2.34879
   0.90000    2.43717
   1.08000    2.52632
   1.26000    2.61641
   1.44000    2.70760
   1.62000    2.80004
   1.80000    2.89388
   1.98000    2.98930
   2.16000    3.08606
   2.34000    3.18192
   2.52000    3.27392
   2.70000    3.35907
   2.88000    3.43442
   3.06000    3.49699
   3.24000    3.54381
   3.42000    3.57191
   3.60000    3.57833
   3.78000    3.56010
   3.96000    3.51424
   4.14000    3.43911
   4.32000    3.34358
   4.50000    3.24152
   4.68000    3.14684
   4.86000    3.07345
   5.04000    3.03524
   5.22000    3.04614
   5.40000    3.12004
   5.58000    3.27086
   5.76000    3.51250
   5.94000    3.85887
   6.12000    4.32177
   6.30000    4.88861
   6.48000    5.53106
   6.66000    6.22050
   6.84000    6.92834
   7.02000    7.62597
   7.20000    8.28480
   7.38000    8.87621
   7.56000    9.37161
   7.74000    9.74240
   7.92000    9.95996
   8.10000    9.99734
   8.28000    9.85676
   8.46000    9.56571
   8.64000    9.15253
   8.82000    8.64556
   9.00000    8.07311
   9.18000    7.46353
   9.36000    6.84514
   9.54000    6.24628
   9.72000    5.69527
   9.90000    5.22044
  10.08000    4.84957
  10.26000    4.59324
  10.44000    4.44220
  10.62000    4.38608
  10.80000    4.41452
  10.98000    4.51716
  11.16000    4.68363
  11.34000    4.90357
  11.52000    5.16662
  11.70000    5.46241
  11.88000    5.78057
  12.06000    6.11073
  12.24000    6.44064
  12.42000    6.75524
  12.60000    7.03924
  12.78000    7.27731
  12.96000    7.45416
  13.14000    7.55447
  13.32000    7.56294
  13.50000    7.46426
  13.68000    7.24311
  13.86000    6.88420
  14.04000    6.37230
  14.22000    5.70697
  14.40000    4.91872
  14.58000    4.04197
  14.76000    3.11114
  14.94000    2.16064
  15.12000    1.22488
  15.30000    0.33829
  15.48000   -0.46472
  15.66000   -1.14974
  15.84000   -1.68235
  16.02000   -2.02814
  16.20000   -2.16500
  16.38000   -2.10618
  16.56000   -1.87125
  16.74000   -1.47978
  16.92000   -0.95134
  17.10000   -0.30549
  17.28000    0.43820
  17.46000    1.26016
  17.64000    2.14083
  17.82000    3.06063
