  -3.50000   -1.00000
  -3.43000   -0.99093
  -3.36000   -0.98200
  -3.29000   -0.97334
  -3.22000   -0.96509
  -3.15000   -0.95739
  -3.08000   -0.95036
  -3.01000   -0.94416
  -2.94000   -0.93891
  -2.87000   -0.93475
  -2.80000   -0.93182
  -2.73000   -0.93025
  -2.66000   -0.93018
  -2.59000   -0.93175
  -2.52000   -0.93509
  -2.45000   -0.94034
  -2.38000   -0.94764
  -2.31000   -0.95711
  -2.24000   -0.96891
  -2.17000   -0.98316
  -2.10000   -1.00000
  -2.03000   -1.01943
  -1.96000   -1.04091
  -1.89000   -1.06375
  -1.82000   -1.08727
  -1.75000   -1.11080
  -1.68000   -1.13364
  -1.61000   -1.15511
  -1.54000   -1.17455
  -1.47000   -1.19125
  -1.40000   -1.20455
  -1.33000   -1.21375
  -1.26000   -1.21818
  -1.19000   -1.21716
  -1.12000   -1.21000
  -1.05000   -1.19602
  -0.98000   -1.17455
  -0.91000   -1.14489
  -0.84000   -1.10636
  -0.77000   -1.05830
  -0.70000   -1.00000
  -0.63000   -0.93109
  -0.56000   -0.85236
  -0.49000   -0.76491
  -0.42000   -0.66982
  -0.35000   -0.56818
  -0.28000   -0.46109
  -0.21000   -0.34964
  -0.14000   -0.23491
  -0.07000   -0.11800
  -0.00000   -0.00000
   0.07000    0.11800
   0.14000    0.23491
   0.21000    0.34964
   0.28000    0.46109
   0.35000    0.56818
   0.42000    0.66982
   0.49000    0.76491
   0.56000    0.85236
   0.63000    0.93109
   0.70000    1.00000
   0.77000    1.05830
   0.84000    1.10636
   0.91000    1.14489
   0.98000    1.17455
   1.05000    1.19602
   1.12000    1.21000
   1.19000    1.21716
   1.26000    1.21818
   1.33000    1.21375
   1.40000    1.20455
   1.47000    1.19125
   1.54000    1.17455
   1.61000    1.15511
   1.68000    1.13364
   1.75000    1.11080
   1.82000    1.08727
   1.89000    1.06375
   1.96000    1.04091
   2.03000    1.01943
   2.10000    1.00000
   2.17000    0.98316
   2.24000    0.96891
   2.31000    0.95711
   2.38000    0.94764
   2.45000    0.94034
   2.52000    0.93509
   2.59000    0.93175
   2.66000    0.93018
   2.73000    0.93025
   2.80000    0.93182
   2.87000    0.93475
   2.94000    0.93891
   3.01000    0.94416
   3.08000    0.95036
   3.15000    0.95739
   3.22000    0.96509
   3.29000    0.97334
   3.36000    0.98200
   3.43000    0.99093
