 -1.000000  -0.765459
 -0.918367  -0.732741
 -0.836735  -0.652468
 -0.755102  -0.518110
 -0.673469  -0.325600
 -0.591837  -0.074109
 -0.510204   0.233384
 -0.428571   0.589810
 -0.346939   0.984088
 -0.265306   1.401594
 -0.183673   1.825010
 -0.102041   2.235484
 -0.020408   2.614002
  0.061224   2.942830
  0.142857   3.206881
  0.224490   3.394850
  0.306122   3.500011
  0.387755   3.520598
  0.469388   3.459728
  0.551020   3.324911
  0.632653   3.127211
  0.714286   2.880171
  0.795918   2.598621
  0.877551   2.297511
  0.959184   1.990869
  1.040816   1.690976
  1.122449   1.407803
  1.204082   1.148727
  1.285714   0.918506
  1.367347   0.719466
  1.448980   0.551852
  1.530612   0.414261
  1.612245   0.304115
  1.693878   0.218113
  1.775510   0.152623
  1.857143   0.104010
  1.938776   0.068857
  2.020408   0.044124
  2.102041   0.027223
  2.183673   0.016033
  2.265306   0.008883
  2.346939   0.004499
  2.428571   0.001945
  2.510204   0.000555
  2.591837  -0.000127
  2.673469  -0.000403
  2.755102  -0.000463
  2.836735  -0.000421
  2.918367  -0.000341
  3.000000  -0.000257


 -1.000000  -0.672944 -10.511500  -0.909547
 -0.918367  -0.712942 -10.568542  -0.054953
 -0.836735  -0.679918 -10.625909   0.872762
 -0.755102  -0.569669 -10.677444   1.828975
 -0.673469  -0.381920 -10.716803   2.762653
 -0.591837  -0.120703 -10.737795   3.619970
 -0.510204   0.205586 -10.734735   4.348509
 -0.428571   0.584475 -10.702796   4.901610
 -0.346939   1.000060 -10.638310   5.242430
 -0.265306   1.433947 -10.539021   5.347261
 -0.183673   1.866418 -10.404235   5.207722
 -0.102041   2.277734 -10.234877   4.831576
 -0.020408   2.649429 -10.033440   4.242076
  0.061224   2.965502  -9.803833   3.475909
  0.142857   3.213388  -9.551136   2.579989
  0.224490   3.384638  -9.281288   1.607440
  0.306122   3.475241  -9.000740   0.613242
  0.387755   3.485606  -8.716089  -0.350029
  0.469388   3.420206  -8.433727  -1.235932
  0.551020   3.286955  -8.159537  -2.007033
  0.632653   3.096386  -7.898642  -2.636734
  0.714286   2.860736  -7.655232  -3.109963
  0.795918   2.593010  -7.432456  -3.422820
  0.877551   2.306115  -7.232404  -3.581327
  0.959184   2.012126  -7.056139  -3.599546
  1.040816   1.721715  -6.903795  -3.497329
  1.122449   1.443777  -6.774702  -3.297985
  1.204082   1.185242  -6.667546  -3.026089
  1.285714   0.951042  -6.580529  -2.705619
  1.367347   0.744230  -6.511527  -2.358523
  1.448980   0.566182  -6.458238  -2.003760
  1.530612   0.416870  -6.418306  -1.656799
  1.612245   0.295146  -6.389426  -1.329507
  1.693878   0.199039  -6.369422  -1.030342
  1.775510   0.126011  -6.356302  -0.764760
  1.857143   0.073184  -6.348299  -0.535728
  1.938776   0.037521  -6.343886  -0.344269
  2.020408   0.015964  -6.341789  -0.189984
  2.102041   0.005529  -6.340977  -0.071499
  2.183673   0.003371  -6.340661   0.013176
  2.265306   0.006824  -6.340275   0.066384
  2.346939   0.013421  -6.339462   0.090638
  2.428571   0.020904  -6.338059   0.088518
  2.510204   0.027226  -6.336081   0.062619
  2.591837   0.030551  -6.333696   0.015527
  2.673469   0.029255  -6.331219  -0.050175
  2.755102   0.021923  -6.329084  -0.131901
  2.836735   0.007354  -6.327836  -0.227060
  2.918367  -0.015443  -6.328108  -0.333060
  3.000000  -0.047248  -6.330603  -0.447318
