0.93264 0.88788
0.6383 0.908211
0.729398 0.985791
0.469862 0.970991
0.974082 0.390235
0.778534 0.828493
0.859817 0.951019
0.777276 0.680837
0.835185 0.96113
0.536857 0.957186
0.996349 0.632867
0.959951 0.893088
0.136134 0.9978
0.989146 0.578133
0.530369 0.917611
0.886517 0.684032
0.528227 0.902819
0.726118 0.857863
0.406969 0.934977
0.830523 0.596219
0.755627 0.82861
0.997533 0.539817
0.841255 0.969377
0.755507 0.809
0.866245 0.973542
0.951141 0.823081
0.786098 0.952491
0.75717 0.750571
0.71964 0.99075
0.580106 0.833602
0.730391 0.687771
0.663645 0.885499
0.994747 0.709054
0.710643 0.782565
0.851959 0.876326
0.416612 0.994392
0.622708 0.854273
0.849283 0.902588
0.803928 0.613534
0.452902 0.931007
0.955457 0.369525
0.999677 0.57527
0.724384 0.72994
0.86017 0.869593
0.796018 0.674653
0.861763 0.644237
0.684291 0.882928
0.980467 0.702029
0.870522 0.869669
0.980344 0.642137
0.523352 0.969781
0.470454 0.926986
0.934753 0.387852
0.632231 0.906357
0.870384 0.540878
0.87318 0.538257
0.998453 0.999447
0.966967 0.821533
0.952958 0.36321
0.999001 0.202858
0.811254 0.744299
0.917629 0.585903
0.826258 0.922274
0.661199 0.77827
0.99452 0.904006
0.620385 0.803852
0.854751 0.796623
0.883419 0.620394
0.964801 0.41619
0.989323 0.555229
0.661679 0.842451
0.669352 0.806694
0.513709 0.915202
0.672926 0.858989
0.998768 0.287107
0.646862 0.809815
0.579455 0.89204
0.95951 0.480178
0.923869 0.471038
0.829869 0.607284
0.621287 0.975723
0.973084 0.621237
0.810127 0.812538
0.93722 0.858296
0.379422 0.943658
0.733023 0.9182
0.556607 0.898879
0.95341 0.967169
0.958438 0.460401
0.966717 0.608715
0.679523 0.741862
0.624016 0.829411
0.90544 0.730891
0.960467 0.574614
0.538168 0.98505
0.808041 0.751829
0.983133 0.511241
0.776938 0.996788
0.813759 0.851465
0.763299 0.762542
0.765441 0.760514
0.966043 0.280602
0.909292 0.474805
0.823447 0.666156
0.751338 0.737904
0.952215 0.869233
0.283571 0.981982
0.697795 0.8361
0.948274 0.637832
0.77044 0.791028
0.44606 0.935135
0.809826 0.753519
0.893533 0.617219
0.782282 0.820983
0.877293 0.655694
0.977003 0.486192
0.974738 0.421745
0.965478 0.78432
0.918036 0.424475
0.585705 0.946647
0.943533 0.961073
0.748604 0.789924
0.895017 0.552102
0.911431 0.418744
0.854763 0.99481
0.586894 0.931211
0.85505 0.823422
0.983799 0.704695
0.802638 0.939609
0.984868 0.680902
0.922855 0.425237
0.955077 0.975835
0.863676 0.810106
0.840589 0.775751
0.997603 0.714696
0.88853 0.521034
0.865331 0.624967
0.8219 0.668647
0.957923 0.814533
0.856777 0.853233
0.797276 0.820267
0.653832 0.955599
0.749923 0.957199
0.647581 0.895952
0.826726 0.781561
0.812437 0.629874
0.894775 0.491711
0.681789 0.835963
0.966473 0.504458
0.759501 0.932913
0.864629 0.826222
0.98909 0.639798
0.96313 0.319548
0.893644 0.477156
0.976097 0.261846
0.863728 0.683184
0.758899 0.819796
0.487891 0.978026
0.993502 0.791548
0.381266 0.933474
0.735694 0.807014
0.731064 0.990739
0.522571 0.854046
0.946984 0.952144
0.692022 0.812608
0.966501 0.978391
0.933802 0.405608
0.350804 0.954843
0.737837 0.82031
0.919776 0.682284
0.695537 0.894113
0.698925 0.838228
0.749789 0.707048
0.650492 0.814657
0.945009 0.765866
0.904354 0.47522
0.825367 0.939543
0.903418 0.749907
0.816027 0.9714
0.967709 0.277254
0.808408 0.91223
0.993768 0.265875
0.91637 0.42729
0.862552 0.907201
0.721181 0.884285
0.972435 0.711106
0.895382 0.682701
0.622353 0.886596
0.606106 0.827812
0.867658 0.729092
0.85577 0.925571
0.989277 0.779135
0.921152 0.804134
0.856125 0.894548
0.983497 0.62769
0.581781 0.989075
0.699759 0.848908
0.591717 0.993081
0.593432 0.812433
0.836555 0.972956
0.235437 0.98323
0.545064 0.88414
0.44374 0.940641
0.683275 0.802245
0.329325 0.964007
0.865231 0.932593
