     0.000 5800000.000     50.000      0.000 
     0.100 5799996.578     52.689      0.733 
     1.753 5799906.102    123.777     20.121 
     5.802 5798967.256    861.425    221.319 
     8.029 5796654.966   2678.044    716.990 
     9.541 5792606.620   5858.094   1585.285 
    10.694 5786489.514  10662.042   2898.444 
    11.669 5777517.301  17705.679   4827.020 
    12.485 5765617.521  27042.976   7389.504 
    13.184 5750559.264  38851.014  10639.723 
    13.797 5732066.307  53340.729  14642.964 
    14.346 5709843.170  70736.015  19470.815 
    14.844 5683573.788  91274.228  25201.983 
    15.302 5652912.709 115212.407  31924.884 
    15.728 5617472.569 142836.182  39741.249 
    16.146 5574730.192 176085.824  49233.984 
    16.546 5525074.831 214621.317  60353.852 
    16.926 5468386.422 258492.039  73171.538 
    17.290 5404170.839 308026.483  87852.678 
    17.641 5331608.010 363788.385 104653.606 
    17.983 5249507.181 426601.945 123940.874 
    18.322 5156149.829 497657.676 146242.495 
    18.662 5048943.237 578750.717 172356.046 
    19.012 4923660.150 672805.269 203584.581 
    19.384 4772651.004 785099.740 242299.257 
    19.800 4581886.510 925167.808 292995.682 
    20.168 4393362.514 1061472.637 345214.850 
    20.472 4224621.427 1181537.178 393891.395 
    20.735 4069445.298 1290202.011 440402.692 
    20.974 3922457.392 1391467.266 486125.342 
    21.207 3773749.211 1492139.806 534160.983 
    21.430 3627967.363 1588957.433 583125.204 
    21.642 3486000.125 1681312.779 632737.096 
    21.847 3347438.373 1769464.658 683146.968 
    22.046 3211564.373 1853838.003 734647.624 
    22.241 3077666.756 1934806.697 787576.547 
    22.435 2945105.931 2012648.156 842295.913 
    22.630 2813299.924 2087547.776 899202.300 
    22.826 2681688.575 2159611.854 958749.570 
    23.026 2549691.367 2228876.516 1021482.118 
    23.232 2416658.520 2295308.829 1088082.651 
    23.447 2281808.396 2358797.014 1159444.591 
    23.673 2144141.057 2419122.134 1236786.809 
    23.916 2002326.600 2475888.729 1321834.671 
    24.183 1854661.768 2528341.448 1417046.785 
    24.480 1699838.697 2574826.284 1525385.019 
    24.807 1541706.944 2611602.664 1646740.392 
    25.141 1393988.553 2634141.014 1771920.433 
    25.442 1272380.892 2642303.296 1885365.812 
    25.737 1163509.638 2640004.229 1996536.133 
    26.022 1067078.586 2628909.665 2104061.749 
    26.302 980985.712 2610452.775 2208611.513 
    26.578 903251.937 2585582.672 2311215.392 
    26.854 832371.385 2554895.451 2412783.164 
    27.134 767247.901 2518767.019 2514035.080 
    27.418 707077.244 2477435.761 2615536.995 
    27.710 651253.972 2431048.676 2717747.352 
    28.010 599308.543 2379686.686 2821054.771 
    28.322 550866.448 2323378.683 2925804.869 
    28.647 505621.608 2262109.389 3032319.003 
    28.988 463318.745 2195823.636 3140907.619 
    29.348 423741.467 2124428.589 3251879.944 
    29.729 386704.157 2047795.011 3365550.832 
    30.136 352046.599 1965758.938 3482244.463 
    30.574 319630.905 1878126.130 3602292.966 
    31.047 289340.859 1784684.266 3726024.875 
    31.562 261084.501 1685233.611 3853731.888 
    32.127 234801.705 1579658.796 3985589.499 
    32.752 210479.139 1468084.805 4121486.056 
    33.444 188172.208 1351174.767 4260703.025 
    34.207 168018.311 1230554.188 4401477.501 
    35.042 150196.951 1109043.286 4540809.763 
    35.938 134811.083 990133.144 4675105.773 
    36.886 121781.375 876851.266 4801417.359 
    37.879 110862.478 771038.047 4918149.475 
    38.915 101737.842 673427.344 5024884.814 
    39.997  94099.177 584073.543 5121877.280 
    41.129  87682.174 502717.207 5209650.619 
    42.320  82272.800 428992.697 5288784.503 
    43.580  77701.350 362520.121 5359828.529 
    44.918  73833.637 302936.225 5423280.137 
    46.348  70562.889 249898.607 5479588.504 
    47.885  67803.252 203080.270 5529166.479 
    49.548  65484.828 162161.795 5572403.377 
    51.361  63549.931 126823.835 5609676.234 
    53.355  61950.237  96740.660 5641359.103 
    55.571  60644.584  71574.765 5667830.651 
    58.062  59597.229  50972.272 5689480.499 
    60.000  59004.909  39150.821 5701894.270 
