    0.0000     0.0000     0.0000     0.0000     0.0000
    0.0500     0.0500     0.0013     0.0500     0.0013
    0.1000     0.1000     0.0050     0.1000     0.0050
    0.1500     0.1500     0.0113     0.1500     0.0113
    0.2000     0.2000     0.0200     0.2000     0.0200
    0.2500     0.2500     0.0312     0.2500     0.0312
    0.3000     0.3000     0.0450     0.3000     0.0450
    0.3500     0.3500     0.0612     0.3500     0.0612
    0.4000     0.4000     0.0800     0.4000     0.0800
    0.4500     0.4500     0.1012     0.4500     0.1012
    0.5000     0.5000     0.1250     0.5000     0.1250
    0.5500     0.5500     0.1512     0.5500     0.1512
    0.6000     0.6000     0.1800     0.6000     0.1800
    0.6500     0.6500     0.2113     0.6500     0.2113
    0.7000     0.7000     0.2450     0.7000     0.2450
    0.7500     0.7500     0.2813     0.7500     0.2813
    0.8000     0.8000     0.3200     0.8000     0.3200
    0.8500     0.8500     0.3613     0.8500     0.3613
    0.9000     0.9000     0.4050     0.9000     0.4050
    0.9500     0.9500     0.4513     0.9500     0.4513
    1.0000     1.0000     0.5000     1.0000     0.5000
    1.0500     1.1500     0.5538     1.1500     0.5538
    1.1000     1.3000     0.6150     1.3000     0.6150
    1.1500     1.4500     0.6838     1.4500     0.6838
    1.2000     1.6000     0.7600     1.6000     0.7600
    1.2500     1.7500     0.8438     1.7500     0.8438
    1.3000     1.9000     0.9350     1.9000     0.9350
    1.3500     2.0500     1.0338     2.0500     1.0338
    1.4000     2.2000     1.1400     2.2000     1.1400
    1.4500     2.3500     1.2538     2.3500     1.2538
    1.5000     2.5000     1.3750     2.5000     1.3750
    1.5500     2.6500     1.5038     2.6500     1.5038
    1.6000     2.8000     1.6400     2.8000     1.6400
    1.6500     2.9500     1.7838     2.9500     1.7838
    1.7000     3.1000     1.9350     3.1000     1.9350
    1.7500     3.2500     2.0938     3.2500     2.0938
    1.8000     3.4000     2.2600     3.4000     2.2600
    1.8500     3.5500     2.4338     3.5500     2.4338
    1.9000     3.7000     2.6150     3.7000     2.6150
    1.9500     3.8500     2.8038     3.8500     2.8038
    2.0000     4.0000     3.0000     4.0000     3.0000
    2.0500     4.2500     3.2063     4.2500     3.2063
    2.1000     4.5000     3.4250     4.5000     3.4250
    2.1500     4.7500     3.6563     4.7500     3.6563
    2.2000     5.0000     3.9000     5.0000     3.9000
    2.2500     5.2500     4.1562     5.2500     4.1562
    2.3000     5.5000     4.4250     5.5000     4.4250
    2.3500     5.7500     4.7062     5.7500     4.7062
    2.4000     6.0000     5.0000     6.0000     5.0000
    2.4500     6.2500     5.3062     6.2500     5.3062
    2.5000     6.5000     5.6250     6.5000     5.6250
    2.5500     6.7500     5.9562     6.7500     5.9562
    2.6000     7.0000     6.3000     7.0000     6.3000
    2.6500     7.2500     6.6562     7.2500     6.6562
    2.7000     7.5000     7.0250     7.5000     7.0250
    2.7500     7.7500     7.4062     7.7500     7.4062
    2.8000     8.0000     7.8000     8.0000     7.8000
    2.8500     8.2500     8.2062     8.2500     8.2062
    2.9000     8.5000     8.6250     8.5000     8.6250
    2.9500     8.7500     9.0562     8.7500     9.0562
    3.0000     9.0000     9.5000     9.0000     9.5000
    3.0500     9.3500     9.9587     9.3500     9.9587
    3.1000     9.7000    10.4350     9.7000    10.4350
    3.1500    10.0500    10.9287    10.0500    10.9287
    3.2000    10.4000    11.4400    10.4000    11.4400
    3.2500    10.7500    11.9687    10.7500    11.9687
    3.3000    11.1000    12.5150    11.1000    12.5150
    3.3500    11.4500    13.0787    11.4500    13.0787
    3.4000    11.8000    13.6600    11.8000    13.6600
    3.4500    12.1500    14.2587    12.1500    14.2587
    3.5000    12.5000    14.8750    12.5000    14.8750
    3.5500    12.8500    15.5087    12.8500    15.5087
    3.6000    13.2000    16.1600    13.2000    16.1600
    3.6500    13.5500    16.8287    13.5500    16.8287
    3.7000    13.9000    17.5150    13.9000    17.5150
    3.7500    14.2500    18.2187    14.2500    18.2187
    3.8000    14.6000    18.9400    14.6000    18.9400
    3.8500    14.9500    19.6787    14.9500    19.6787
    3.9000    15.3000    20.4350    15.3000    20.4350
    3.9500    15.6500    21.2087    15.6500    21.2087
    4.0000    16.0000    22.0000    16.0000    22.0000
    4.0500    16.4500    22.8112    16.4500    22.8112
    4.1000    16.9000    23.6450    16.9000    23.6450
    4.1500    17.3500    24.5012    17.3500    24.5012
    4.2000    17.8000    25.3800    17.8000    25.3800
    4.2500    18.2500    26.2812    18.2500    26.2812
    4.3000    18.7000    27.2050    18.7000    27.2050
    4.3500    19.1500    28.1512    19.1500    28.1512
    4.4000    19.6000    29.1200    19.6000    29.1200
    4.4500    20.0500    30.1112    20.0500    30.1112
    4.5000    20.5000    31.1250    20.5000    31.1250
    4.5500    20.9500    32.1612    20.9500    32.1612
    4.6000    21.4000    33.2200    21.4000    33.2200
    4.6500    21.8500    34.3012    21.8500    34.3012
    4.7000    22.3000    35.4050    22.3000    35.4050
    4.7500    22.7500    36.5312    22.7500    36.5312
    4.8000    23.2000    37.6800    23.2000    37.6800
    4.8500    23.6500    38.8512    23.6500    38.8512
    4.9000    24.1000    40.0450    24.1000    40.0450
    4.9500    24.5500    41.2612    24.5500    41.2612
    5.0000    25.0000    42.5000    25.0000    42.5000
