    0.0000     0.0000     0.0000     1.0000
    0.0500     0.0500     0.0013     1.0000
    0.1000     0.1000     0.0050     1.0000
    0.1500     0.1500     0.0113     1.0000
    0.2000     0.2000     0.0200     1.0000
    0.2500     0.2500     0.0312     1.0000
    0.3000     0.3000     0.0450     1.0000
    0.3500     0.3500     0.0612     1.0000
    0.4000     0.4000     0.0800     1.0000
    0.4500     0.4500     0.1012     1.0000
    0.5000     0.5000     0.1250     1.0000
    0.5500     0.5500     0.1512     1.0000
    0.6000     0.6000     0.1800     1.0000
    0.6500     0.6500     0.2113     1.0000
    0.7000     0.7000     0.2450     1.0000
    0.7500     0.7500     0.2813     1.0000
    0.8000     0.8000     0.3200     1.0000
    0.8500     0.8500     0.3613     1.0000
    0.9000     0.9000     0.4050     1.0000
    0.9500     0.9500     0.4513     1.0000
    1.0000     1.0000     0.5000     1.0000
    1.0500     1.0550     0.5513     1.2000
    1.1000     1.1200     0.6057     1.4000
    1.1500     1.1950     0.6635     1.6000
    1.2000     1.2800     0.7253     1.8000
    1.2500     1.3750     0.7917     2.0000
    1.3000     1.4800     0.8630     2.2000
    1.3500     1.5950     0.9398     2.4000
    1.4000     1.7200     1.0227     2.6000
    1.4500     1.8550     1.1120     2.8000
    1.5000     2.0000     1.2083     3.0000
    1.5500     2.1550     1.3122     3.2000
    1.6000     2.3200     1.4240     3.4000
    1.6500     2.4950     1.5443     3.6000
    1.7000     2.6800     1.6737     3.8000
    1.7500     2.8750     1.8125     4.0000
    1.8000     3.0800     1.9613     4.2000
    1.8500     3.2950     2.1207     4.4000
    1.9000     3.5200     2.2910     4.6000
    1.9500     3.7550     2.4728     4.8000
    2.0000     4.0000     2.6667     5.0000
    2.0500     4.2500     2.8729     5.0000
    2.1000     4.5000     3.0917     5.0000
    2.1500     4.7500     3.3229     5.0000
    2.2000     5.0000     3.5667     5.0000
    2.2500     5.2500     3.8229     5.0000
    2.3000     5.5000     4.0917     5.0000
    2.3500     5.7500     4.3729     5.0000
    2.4000     6.0000     4.6667     5.0000
    2.4500     6.2500     4.9729     5.0000
    2.5000     6.5000     5.2917     5.0000
    2.5500     6.7500     5.6229     5.0000
    2.6000     7.0000     5.9667     5.0000
    2.6500     7.2500     6.3229     5.0000
    2.7000     7.5000     6.6917     5.0000
    2.7500     7.7500     7.0729     5.0000
    2.8000     8.0000     7.4667     5.0000
    2.8500     8.2500     7.8729     5.0000
    2.9000     8.5000     8.2917     5.0000
    2.9500     8.7500     8.7229     5.0000
    3.0000     9.0000     9.1667     5.0000
    3.0500     9.2550     9.6230     5.2000
    3.1000     9.5200    10.0923     5.4000
    3.1500     9.7950    10.5752     5.6000
    3.2000    10.0800    11.0720     5.8000
    3.2500    10.3750    11.5833     6.0000
    3.3000    10.6800    12.1097     6.2000
    3.3500    10.9950    12.6515     6.4000
    3.4000    11.3200    13.2093     6.6000
    3.4500    11.6550    13.7837     6.8000
    3.5000    12.0000    14.3750     7.0000
    3.5500    12.3550    14.9838     7.2000
    3.6000    12.7200    15.6107     7.4000
    3.6500    13.0950    16.2560     7.6000
    3.7000    13.4800    16.9203     7.8000
    3.7500    13.8750    17.6042     8.0000
    3.8000    14.2800    18.3080     8.2000
    3.8500    14.6950    19.0323     8.4000
    3.9000    15.1200    19.7777     8.6000
    3.9500    15.5550    20.5445     8.8000
    4.0000    16.0000    21.3333     9.0000
    4.0500    16.4500    22.1446     9.0000
    4.1000    16.9000    22.9783     9.0000
    4.1500    17.3500    23.8346     9.0000
    4.2000    17.8000    24.7133     9.0000
    4.2500    18.2500    25.6146     9.0000
    4.3000    18.7000    26.5383     9.0000
    4.3500    19.1500    27.4846     9.0000
    4.4000    19.6000    28.4533     9.0000
    4.4500    20.0500    29.4446     9.0000
    4.5000    20.5000    30.4583     9.0000
    4.5500    20.9500    31.4946     9.0000
    4.6000    21.4000    32.5533     9.0000
    4.6500    21.8500    33.6346     9.0000
    4.7000    22.3000    34.7383     9.0000
    4.7500    22.7500    35.8646     9.0000
    4.8000    23.2000    37.0133     9.0000
    4.8500    23.6500    38.1846     9.0000
    4.9000    24.1000    39.3783     9.0000
    4.9500    24.5500    40.5946     9.0000
