    0.0000     0.0000     0.0000     3.1914
    0.0500     0.1595     0.0040     3.1900
    0.1000     0.3189     0.0160     3.1856
    0.1500     0.4781     0.0359     3.1785
    0.2000     0.6367     0.0638     3.1684
    0.2500     0.7949     0.0995     3.1555
    0.3000     0.9522     0.1432     3.1397
    0.3500     1.1088     0.1948     3.1211
    0.4000     1.2643     0.2541     3.0995
    0.4500     1.4187     0.3212     3.0751
    0.5000     1.5718     0.3959     3.0478
    0.5500     1.7234     0.4783     3.0177
    0.6000     1.8735     0.5682     2.9847
    0.6500     2.0218     0.6656     2.9488
    0.7000     2.1683     0.7704     2.9100
    0.7500     2.3128     0.8824     2.8684
    0.8000     2.4551     1.0016     2.8239
    0.8500     2.5951     1.1279     2.7766
    0.9000     2.7327     1.2611     2.7263
    0.9500     2.8677     1.4011     2.6732
    1.0000     3.0000     1.5478     2.6172
    1.0500     3.1293     1.7011     2.5520
    1.1000     3.2549     1.8607     2.4711
    1.1500     3.3761     2.0265     2.3746
    1.2000     3.4921     2.1982     2.2624
    1.2500     3.6021     2.3756     2.1346
    1.3000     3.7053     2.5583     1.9911
    1.3500     3.8010     2.7460     1.8320
    1.4000     3.8883     2.9383     1.6572
    1.4500     3.9664     3.1347     1.4668
    1.5000     4.0347     3.3348     1.2608
    1.5500     4.0923     3.5380     1.0391
    1.6000     4.1383     3.7438     0.8017
    1.6500     4.1722     3.9516     0.5487
    1.7000     4.1929     4.1608     0.2801
    1.7500     4.1999     4.3707    -0.0042
    1.8000     4.1923     4.5806    -0.3041
    1.8500     4.1692     4.7897    -0.6197
    1.9000     4.1300     4.9972    -0.9509
    1.9500     4.0739     5.2024    -1.2978
    2.0000     4.0000     5.4043    -1.6603
    2.0500     3.9081     5.6021    -2.0054
    2.1000     3.8003     5.7949    -2.3000
    2.1500     3.6790     5.9819    -2.5442
    2.2000     3.5467     6.1626    -2.7380
    2.2500     3.4060     6.3364    -2.8813
    2.3000     3.2594     6.5031    -2.9741
    2.3500     3.1095     6.6623    -3.0165
    2.4000     2.9586     6.8140    -3.0084
    2.4500     2.8095     6.9582    -2.9499
    2.5000     2.6645     7.0950    -2.8409
    2.5500     2.5262     7.2248    -2.6815
    2.6000     2.3972     7.3478    -2.4716
    2.6500     2.2799     7.4647    -2.2112
    2.7000     2.1769     7.5760    -1.9004
    2.7500     2.0907     7.6826    -1.5392
    2.8000     2.0238     7.7854    -1.1275
    2.8500     1.9788     7.8854    -0.6653
    2.9000     1.9581     7.9837    -0.1527
    2.9500     1.9644     8.0816     0.4104
    3.0000     2.0000     8.1806     1.0239
    3.0500     2.0666     8.2822     1.6296
    3.1000     2.1619     8.3878     2.1691
    3.1500     2.2824     8.4988     2.6424
    3.2000     2.4250     8.6164     3.0496
    3.2500     2.5863     8.7416     3.3906
    3.3000     2.7629     8.8753     3.6654
    3.3500     2.9517     9.0181     3.8740
    3.4000     3.1492     9.1706     4.0165
    3.4500     3.3522     9.3331     4.0928
    3.5000     3.5574     9.5058     4.1029
    3.5500     3.7614     9.6888     4.0468
    3.6000     3.9610     9.8819     3.9246
    3.6500     4.1528    10.0848     3.7362
    3.7000     4.3335    10.2970     3.4816
    3.7500     4.4999    10.5179     3.1609
    3.8000     4.6485    10.7467     2.7740
    3.8500     4.7761    10.9824     2.3209
    3.9000     4.8795    11.2239     1.8016
    3.9500     4.9552    11.4699     1.2162
    4.0000     5.0000    11.7189     0.5646
    4.0500     5.0114    11.9693    -0.1030
    4.1000     4.9903    12.2195    -0.7363
    4.1500     4.9383    12.4678    -1.3354
    4.2000     4.8573    12.7128    -1.9003
    4.2500     4.7489    12.9531    -2.4309
    4.3000     4.6148    13.1873    -2.9273
    4.3500     4.4567    13.4142    -3.3895
    4.4000     4.2764    13.6326    -3.8174
    4.4500     4.0755    13.8415    -4.2111
    4.5000     3.8559    14.0398    -4.5706
    4.5500     3.6191    14.2268    -4.8958
    4.6000     3.3669    14.4015    -5.1868
    4.6500     3.1010    14.5632    -5.4436
    4.7000     2.8231    14.7114    -5.6661
    4.7500     2.5349    14.8454    -5.8544
    4.8000     2.2382    14.9647    -6.0084
    4.8500     1.9346    15.0691    -6.1282
    4.9000     1.6259    15.1581    -6.2138
    4.9500     1.3138    15.2316    -6.2652
