0.12500000 1.13314845 1.13314845
0.25000000 1.28402542 1.28402542
0.37500000 1.45499141 1.45499141
0.50000000 1.64872127 1.64872127
0.62500000 1.86824596 1.86824596
0.75000000 2.11700002 2.11700002
0.87500000 2.39887529 2.39887529
1.00000000 2.71828183 2.71828183
1.12500000 3.08021685 3.08021685
1.25000000 3.49034296 3.49034296
1.37500000 3.95507672 3.95507672
1.50000000 4.48168907 4.48168907
1.62500000 5.07841904 5.07841904
1.75000000 5.75460268 5.75460268
1.87500000 6.52081912 6.52081912
2.00000000 7.38905610 7.38905610
2.12500000 8.37289749 8.37289749
2.25000000 9.48773584 9.48773584
2.37500000 10.75101319 10.75101319
2.50000000 12.18249396 12.18249396
2.62500000 13.80457419 13.80457419
2.75000000 15.64263188 15.64263188
2.87500000 17.72542412 17.72542412
3.00000000 20.08553692 20.08553692
3.12500000 22.75989509 22.75989509
3.25000000 25.79033992 25.79033992
3.37500000 29.22428378 29.22428378
3.50000000 33.11545196 33.11545196
3.62500000 37.52472316 37.52472316
3.75000000 42.52108200 42.52108200
3.87500000 48.18269829 48.18269829
4.00000000 54.59815003 54.59815003
4.12500000 61.86780925 61.86780925
4.25000000 70.10541235 70.10541235
4.37500000 79.43983955 79.43983955
4.50000000 90.01713130 90.01713130
4.62500000 102.00277308 102.00277308
4.75000000 115.58428453 115.58428453
4.87500000 130.97415321 130.97415321
5.00000000 148.41315910 148.41315910
5.12500000 168.17414165 168.17414165
5.25000000 190.56626846 190.56626846
5.37500000 215.93987231 215.93987231
5.50000000 244.69193226 244.69193226
5.62500000 277.27228452 277.27228452
5.75000000 314.19066029 314.19066029
5.87500000 356.02466067 356.02466067
6.00000000 403.42879349 403.42879349
6.12500000 457.14471327 457.14471327
6.25000000 518.01282467 518.01282467
6.37500000 586.98543094 586.98543094
6.50000000 665.14163304 665.14163304
6.62500000 753.70421255 753.70421255
6.75000000 854.05876253 854.05876253
6.87500000 967.77536558 967.77536558
7.00000000 1096.63315843 1096.63315843
7.12500000 1242.64816706 1242.64816705
7.25000000 1408.10484820 1408.10484820
7.37500000 1595.59183050 1595.59183050
7.50000000 1808.04241446 1808.04241446
7.62500000 2048.78046502 2048.78046502
7.75000000 2321.57241461 2321.57241461
7.87500000 2630.68619030 2630.68619030
8.00000000 2980.95798704 2980.95798704
8.12500000 3377.86793167 3377.86793167
8.25000000 3827.62582144 3827.62582144
8.37500000 4337.26827848 4337.26827848
8.50000000 4914.76884030 4914.76884030
8.62500000 5569.16270857 5569.16270857
8.75000000 6310.68810809 6310.68810809
8.87500000 7150.94646747 7150.94646747
9.00000000 8103.08392758 8103.08392758
9.12500000 9181.99701760 9181.99701760
9.25000000 10404.56571656 10404.56571656
9.37500000 11789.91754655 11789.91754655
9.50000000 13359.72682966 13359.72682966
9.62500000 15138.55379043 15138.55379043
9.75000000 17154.22880929 17154.22880929
9.87500000 19438.28783880 19438.28783880
10.00000000 22026.46579481 22026.46579481
